e 0 1 0
e 2 0 0
e 3 2 0
e 4 3 0
e 5 4 0
e 0 5 0
e 6 0 0
e 7 6 0
e 8 7 0
e 7 7 0
e 9 7 0
e 9 9 0
e 9 8 0
e 10 7 0
e 11 8 0
e 7 11 0
e 12 10 0
e 13 10 0
e 5 13 0
e 0 14 0
e 4 14 0
e 15 16 0
e 7 15 0
e 17 18 0
e 4 18 0
e 8 4 0
e 11 11 0
e 19 7 0
e 5 5 0
e 20 4 0
e 21 5 0
e 18 5 0
e 22 4 0
e 13 22 0
e 4 13 0
e 13 18 0
e 23 7 0
e 5 7 0
e 24 5 0
e 7 4 0
e 13 25 0
e 26 8 0
e 26 26 0
e 7 26 0
e 27 7 0
e 28 27 0
e 7 28 0
e 13 29 0
e 30 18 0
e 4 0 0
e 5 31 0
e 7 31 0
e 27 27 0
e 32 8 0
e 33 5 0
e 30 5 0
e 17 5 0
e 34 17 0
e 4 34 0
e 10 10 0
e 10 27 0
e 11 10 0
e 12 7 0
e 27 5 0
e 35 7 0
e 35 8 0
e 36 7 0
e 37 4 0
e 7 37 0
e 8 37 0
e 38 4 0
e 7 38 0
e 13 7 0
e 39 11 0
e 12 11 0
e 37 39 0
e 7 39 0
e 40 7 0
e 7 41 0
e 42 7 0
e 43 5 0
e 6 5 0
e 44 7 0
e 45 5 0
e 11 4 0
e 46 47 0
e 5 46 0
e 48 46 0
e 48 49 0
e 5 49 0
e 13 49 0
e 50 4 0
e 12 15 0
e 51 7 0
e 5 51 0
e 33 4 0
e 29 33 0
e 0 29 0
e 37 37 0
e 26 52 0
e 7 52 0
e 53 5 0
e 54 5 0
e 4 54 0
e 29 4 0
e 0 54 0
e 33 0 0
e 49 33 0
e 8 27 0
e 18 29 0
e 11 5 0
e 51 18 0
e 55 7 0
e 55 27 0
e 56 57 0
e 8 56 0
e 58 8 0
e 9 5 0
e 59 60 0
e 13 59 0
e 5 59 0
e 61 59 0
e 5 61 0
e 7 45 0
e 62 8 0
e 63 11 0
e 7 63 0
e 51 29 0
e 7 29 0
e 8 5 0
e 64 5 0
e 65 7 0
e 29 5 0
e 66 7 0
e 5 67 0
e 68 8 0
e 5 69 0
e 70 4 0
e 5 70 0
e 46 7 0
e 71 5 0
e 54 8 0
e 61 54 0
e 72 73 0
e 7 72 0
e 8 72 0
e 74 7 0
e 75 7 0
e 11 75 0
e 76 7 0
e 77 7 0
e 77 11 0
e 78 11 0
e 79 5 0
e 14 13 0
e 4 6 0
e 80 7 0
e 11 80 0
e 4 51 0
e 81 5 0
e 11 45 0
e 82 8 0
e 11 82 0
e 68 7 0
e 7 83 0
e 84 5 0
e 64 11 0
e 7 64 0
e 85 11 0
e 85 85 0
e 85 8 0
e 85 7 0
e 86 87 0
e 54 54 0
e 75 8 0
e 5 88 0
e 4 88 0
e 82 7 0
e 7 47 0
e 13 47 0
e 70 70 0
e 54 70 0
e 74 8 0
e 74 75 0
e 89 7 0
e 33 13 0
e 61 0 0
e 11 90 0
e 7 91 0
e 8 91 0
e 61 13 0
e 4 61 0
e 11 13 0
e 92 5 0
e 93 7 0
e 15 8 0
e 45 51 0
e 94 7 0
e 95 8 0
e 96 4 0
e 5 96 0
e 51 34 0
e 5 34 0
e 13 13 0
e 97 11 0
e 97 7 0
e 14 5 0
e 98 8 0
e 11 98 0
e 99 100 0
e 7 99 0
e 101 7 0
e 78 47 0
e 11 14 0
e 2 14 0
e 4 2 0
e 78 5 0
e 102 7 0
e 103 8 0
e 76 8 0
e 104 8 0
e 68 104 0
e 105 11 0
e 106 4 0
e 68 68 0
e 107 108 0
e 109 7 0
e 91 91 0
e 11 91 0
e 110 45 0
e 110 5 0
e 4 4 0
e 111 5 0
e 61 78 0
e 111 33 0
e 88 111 0
e 13 88 0
e 112 61 0
e 0 112 0
e 113 33 0
e 7 113 0
e 114 7 0
e 115 5 0
e 45 115 0
e 116 5 0
e 51 117 0
e 5 117 0
e 118 5 0
e 71 119 0
e 120 51 0
e 5 120 0
e 121 5 0
e 68 121 0
e 122 68 0
e 7 122 0
e 44 11 0
e 7 107 0
e 123 5 0
e 124 5 0
e 124 45 0
e 94 8 0
e 11 94 0
e 125 7 0
e 126 5 0
e 127 5 0
e 13 127 0
e 13 117 0
e 128 4 0
e 128 5 0
e 49 128 0
e 129 94 0
e 7 129 0
e 130 7 0
e 131 7 0
e 7 132 0
e 75 75 0
e 133 8 0
e 7 133 0
e 31 31 0
e 31 134 0
e 7 134 0
e 110 11 0
e 135 7 0
e 136 5 0
e 7 137 0
e 29 92 0
e 8 13 0
e 11 138 0
e 139 138 0
e 11 139 0
e 54 7 0
e 140 7 0
e 132 5 0
e 141 142 0
e 143 8 0
e 49 4 0
e 26 11 0
e 144 7 0
e 145 7 0
e 49 146 0
e 5 146 0
e 147 5 0
e 147 33 0
e 148 8 0
e 149 7 0
e 150 8 0
e 147 8 0
e 7 151 0
e 5 151 0
e 152 5 0
e 153 5 0
e 154 5 0
e 148 7 0
e 155 156 0
e 7 155 0
e 8 155 0
e 26 151 0
e 151 8 0
e 157 11 0
e 151 11 0
e 30 0 0
e 158 159 0
e 7 158 0
e 158 151 0
e 160 5 0
e 161 11 0
e 162 163 0
e 11 162 0
e 76 76 0
e 164 151 0
e 160 29 0
e 13 160 0
e 54 151 0
e 75 54 0
e 165 7 0
e 12 165 0
e 166 5 0
e 4 167 0
e 5 167 0
e 168 7 0
e 13 169 0
e 5 169 0
e 170 7 0
e 47 5 0
e 54 47 0
e 5 26 0
e 171 5 0
e 7 164 0
e 172 4 0
e 22 47 0
e 167 47 0
e 22 5 0
e 4 47 0
e 61 47 0
e 173 4 0
e 173 5 0
e 174 7 0
e 11 174 0
e 91 151 0
e 91 5 0
e 175 8 0
e 7 175 0
e 13 26 0
e 176 7 0
e 45 29 0
e 177 8 0
e 167 7 0
e 13 167 0
e 178 4 0
e 5 178 0
e 5 179 0
e 4 179 0
e 180 7 0
e 13 146 0
e 181 8 0
e 182 29 0
e 164 13 0
e 183 7 0
e 184 7 0
e 152 7 0
e 13 185 0
e 5 185 0
e 63 63 0
e 26 63 0
e 186 7 0
e 186 186 0
e 186 12 0
e 187 7 0
e 188 7 0
e 26 167 0
e 7 61 0
e 4 69 0
e 96 61 0
e 45 96 0
e 45 92 0
e 7 92 0
e 177 7 0
e 180 11 0
e 177 75 0
e 11 177 0
e 177 177 0
e 189 7 0
e 8 189 0
e 190 8 0
e 191 5 0
e 192 7 0
e 192 151 0
e 175 151 0
e 192 13 0
e 7 193 0
e 11 193 0
e 193 8 0
e 193 151 0
e 54 13 0
e 121 7 0
e 194 7 0
e 194 194 0
e 8 194 0
e 195 8 0
e 196 151 0
e 11 196 0
e 167 11 0
e 8 196 0
e 197 96 0
e 5 197 0
e 194 197 0
e 198 7 0
e 199 5 0
e 125 8 0
e 125 91 0
e 4 125 0
e 200 7 0
e 201 7 0
e 11 201 0
e 151 201 0
e 45 4 0
e 202 7 0
e 11 192 0
e 164 8 0
e 192 8 0
e 203 5 0
e 204 33 0
e 204 8 0
e 204 4 0
e 204 5 0
e 132 132 0
e 8 132 0
e 205 8 0
e 11 205 0
e 206 29 0
e 110 29 0
e 8 29 0
e 13 207 0
e 5 207 0
e 208 47 0
e 5 208 0
e 68 132 0
e 11 68 0
e 132 11 0
e 186 11 0
e 209 29 0
e 8 61 0
e 210 8 0
e 210 151 0
e 77 8 0
e 8 12 0
e 211 212 0
e 4 151 0
e 213 7 0
e 152 8 0
e 214 7 0
e 215 7 0
e 4 177 0
e 216 5 0
e 217 7 0
e 77 217 0
e 5 77 0
e 151 75 0
e 218 7 0
e 219 7 0
e 219 219 0
e 220 5 0
e 61 220 0
e 151 219 0
e 5 209 0
e 69 209 0
e 13 209 0
e 69 61 0
e 13 69 0
e 171 13 0
e 96 171 0
e 69 96 0
e 221 7 0
e 61 11 0
e 112 4 0
e 13 112 0
e 222 33 0
e 222 5 0
e 223 5 0
e 224 5 0
e 225 5 0
e 226 4 0
e 227 7 0
e 5 226 0
e 228 4 0
e 180 180 0
e 26 12 0
e 229 91 0
e 151 229 0
e 77 151 0
e 230 11 0
e 26 68 0
e 223 29 0
e 68 151 0
e 231 5 0
e 61 61 0
e 7 96 0
e 112 7 0
e 5 112 0
e 232 4 0
e 214 4 0
e 233 7 0
e 5 233 0
e 234 5 0
e 171 4 0
e 61 171 0
e 181 5 0
e 26 181 0
e 235 151 0
e 7 235 0
e 7 236 0
e 237 151 0
e 7 237 0
e 238 11 0
e 12 127 0
e 151 12 0
e 237 5 0
e 26 112 0
e 239 7 0
e 239 11 0
e 239 151 0
e 240 7 0
e 241 7 0
e 242 5 0
e 243 5 0
e 171 33 0
e 92 171 0
e 4 92 0
e 244 232 0
e 5 232 0
e 245 232 0
e 242 7 0
e 7 246 0
e 247 5 0
e 29 247 0
e 243 4 0
e 171 91 0
e 61 91 0
e 248 249 0
e 151 248 0
e 250 251 0
e 250 7 0
e 13 151 0
e 252 5 0
e 233 233 0
e 233 242 0
e 253 5 0
e 5 254 0
e 7 254 0
e 13 237 0
e 255 7 0
e 138 138 0
e 5 138 0
e 193 4 0
e 7 153 0
e 256 7 0
e 239 26 0
e 239 5 0
e 26 91 0
e 257 91 0
e 7 257 0
e 47 153 0
e 33 153 0
e 258 33 0
e 5 258 0
e 153 13 0
e 5 75 0
e 13 75 0
e 259 33 0
e 260 54 0
e 260 47 0
e 259 260 0
e 26 134 0
e 261 5 0
e 248 29 0
e 91 29 0
e 75 4 0
e 12 5 0
e 262 5 0
e 134 91 0
e 151 134 0
e 263 5 0
e 7 263 0
e 264 7 0
e 7 171 0
e 265 5 0
e 264 11 0
e 266 7 0
e 267 7 0
e 171 29 0
e 268 5 0
e 7 268 0
e 269 5 0
e 270 7 0
e 271 7 0
e 12 235 0
e 68 12 0
e 271 68 0
e 61 92 0
e 258 61 0
e 272 12 0
e 273 7 0
e 272 7 0
e 274 134 0
e 134 134 0
e 12 54 0
e 4 247 0
e 4 258 0
e 171 171 0
e 12 12 0
e 275 5 0
e 275 61 0
e 275 7 0
e 127 127 0
e 276 7 0
e 7 33 0
e 12 171 0
e 277 270 0
e 258 7 0
e 54 278 0
e 112 278 0
e 279 247 0
e 277 7 0
e 280 258 0
e 281 7 0
e 277 11 0
e 134 11 0
e 194 11 0
e 61 29 0
e 4 257 0
e 257 33 0
e 282 33 0
e 5 283 0
e 284 7 0
e 134 5 0
e 284 134 0
e 181 7 0
e 61 70 0
e 12 91 0
e 247 171 0
e 33 54 0
e 278 61 0
e 29 54 0
e 171 112 0
e 12 4 0
e 285 7 0
e 285 5 0
e 47 26 0
e 153 286 0
e 279 286 0
e 287 279 0
e 54 287 0
e 288 153 0
e 278 4 0
e 178 178 0
e 7 178 0
e 285 151 0
e 153 289 0
e 92 289 0
e 286 92 0
e 5 286 0
e 290 5 0
e 291 290 0
e 292 291 0
e 153 292 0
e 92 153 0
e 293 92 0
e 294 293 0
e 5 294 0
e 295 7 0
e 296 11 0
e 296 7 0
e 297 92 0
e 297 5 0
e 61 297 0
e 208 61 0
e 11 208 0
e 11 285 0
e 91 296 0
e 5 296 0
e 298 5 0
e 7 298 0
e 257 26 0
e 11 257 0
e 299 91 0
e 257 299 0
e 257 257 0
e 235 235 0
e 68 235 0
e 68 300 0
e 33 293 0
e 92 33 0
e 301 257 0
e 75 301 0
e 302 33 0
e 258 171 0
e 258 112 0
e 303 258 0
e 112 303 0
e 70 33 0
e 289 70 0
e 304 7 0
e 5 304 0
e 304 258 0
e 258 70 0
e 258 258 0
e 305 258 0
e 288 258 0
e 305 288 0
e 306 305 0
e 307 306 0
e 305 307 0
e 304 305 0
e 308 309 0
e 310 70 0
e 311 312 0
e 313 312 0
e 309 313 0
e 314 309 0
e 313 314 0
e 315 316 0
e 304 92 0
e 317 258 0
e 318 316 0
e 5 319 0
e 320 304 0
e 321 322 0
e 312 322 0
e 323 289 0
e 324 309 0
e 325 309 0
e 326 316 0
e 327 316 0
e 328 327 0
e 329 314 0
e 330 258 0
e 331 258 0
e 332 331 0
e 333 332 0
e 7 333 0
e 334 289 0
e 293 289 0
e 258 293 0
e 335 258 0
e 247 33 0
e 336 7 0
e 54 304 0
e 121 134 0
e 70 304 0
e 298 335 0
e 309 335 0
e 328 309 0
e 337 29 0
e 5 316 0
e 309 316 0
e 338 328 0
e 312 338 0
e 258 338 0
e 312 258 0
e 339 309 0
e 338 309 0
e 33 61 0
e 312 5 0
e 340 312 0
e 341 342 0
e 343 342 0
e 309 258 0
e 319 309 0
e 312 319 0
e 309 312 0
e 344 345 0
e 5 314 0
e 258 314 0
e 346 61 0
e 304 29 0
e 316 304 0
e 347 309 0
e 348 309 0
e 312 348 0
e 323 349 0
e 258 208 0
e 335 304 0
e 350 309 0
e 315 351 0
e 352 304 0
e 54 335 0
e 61 304 0
e 47 346 0
e 343 346 0
e 309 343 0
e 353 316 0
e 335 5 0
e 354 309 0
e 355 309 0
e 309 5 0
e 356 312 0
e 309 356 0
e 326 309 0
e 357 314 0
e 309 357 0
e 326 349 0
e 309 349 0
e 54 258 0
e 304 304 0
e 308 343 0
e 358 343 0
e 309 358 0
e 326 5 0
e 358 304 0
e 314 358 0
e 317 314 0
e 359 309 0
e 360 309 0
e 315 309 0
e 323 345 0
e 314 345 0
e 361 314 0
e 344 349 0
e 362 357 0
e 363 316 0
e 315 5 0
e 328 70 0
e 5 328 0
e 349 258 0
e 5 293 0
e 312 349 0
e 314 316 0
e 355 314 0
e 54 247 0
e 320 309 0
e 364 343 0
e 312 343 0
e 5 343 0
e 343 314 0
e 365 366 0
e 258 366 0
e 367 314 0
e 70 29 0
e 368 309 0
e 317 309 0
e 316 317 0
e 315 258 0
e 258 29 0
e 369 309 0
e 370 371 0
e 372 371 0
e 309 372 0
e 293 70 0
e 309 54 0
e 358 5 0
e 373 309 0
e 374 309 0
e 375 309 0
e 333 375 0
e 309 333 0
e 334 29 0
e 356 5 0
e 323 312 0
e 361 343 0
e 312 314 0
e 336 316 0
e 376 314 0
e 377 317 0
e 335 293 0
e 335 70 0
e 289 335 0
e 378 309 0
e 379 309 0
e 345 5 0
e 380 309 0
e 312 380 0
e 320 316 0
e 315 314 0
e 320 380 0
e 381 380 0
e 316 381 0
e 315 70 0
e 47 70 0
e 309 47 0
e 293 54 0
e 382 258 0
e 289 258 0
e 369 312 0
e 370 349 0
e 368 312 0
e 379 312 0
e 380 379 0
e 350 383 0
e 384 349 0
e 344 258 0
e 308 385 0
e 309 385 0
e 385 5 0
e 386 387 0
e 326 258 0
e 315 304 0
e 388 343 0
e 304 33 0
e 389 390 0
e 5 390 0
e 320 343 0
e 391 309 0
e 392 309 0
e 385 258 0
e 247 335 0
e 393 293 0
e 336 309 0
e 320 47 0
e 394 5 0
e 33 390 0
e 395 375 0
e 312 375 0
e 396 5 0
e 390 70 0
e 364 333 0
e 358 333 0
e 335 61 0
e 5 289 0
e 364 312 0
e 333 343 0
e 308 70 0
e 397 5 0
e 70 397 0
e 369 54 0
e 398 309 0
e 323 258 0
e 399 375 0
e 5 375 0
e 400 317 0
e 333 356 0
e 315 61 0
e 61 401 0
e 396 375 0
e 402 333 0
e 313 333 0
e 334 309 0
e 315 171 0
e 320 317 0
e 356 293 0
e 369 345 0
e 344 171 0
e 403 5 0
e 370 312 0
e 404 61 0
e 316 258 0
e 405 316 0
e 335 33 0
e 208 171 0
e 406 319 0
e 407 312 0
e 408 312 0
e 309 408 0
e 341 258 0
e 370 309 0
e 323 331 0
e 333 331 0
e 258 390 0
e 409 5 0
e 403 54 0
e 323 54 0
e 54 317 0
e 410 258 0
e 320 5 0
e 403 335 0
e 403 289 0
e 406 381 0
e 384 54 0
e 411 412 0
e 358 412 0
e 350 312 0
e 358 312 0
e 345 358 0
e 54 343 0
e 317 349 0
e 323 309 0
e 404 309 0
e 384 356 0
e 400 356 0
e 258 356 0
e 413 309 0
e 414 309 0
e 312 414 0
e 323 316 0
e 415 258 0
e 318 309 0
e 333 318 0
e 369 5 0
e 345 309 0
e 369 258 0
e 315 380 0
e 258 380 0
e 315 312 0
e 315 54 0
e 258 345 0
e 416 258 0
e 257 5 0
e 257 258 0
e 107 68 0
e 247 70 0
e 258 247 0
e 306 29 0
e 92 306 0
e 258 92 0
e 306 258 0
e 92 208 0
e 171 257 0
e 356 12 0
e 151 257 0
e 258 151 0
e 257 398 0
e 417 5 0
e 418 312 0
e 419 312 0
e 308 358 0
e 91 258 0
e 12 257 0
e 7 247 0
e 54 289 0
e 420 5 0
e 254 293 0
e 29 254 0
e 70 171 0
e 61 390 0
e 171 390 0
e 12 74 0
e 91 74 0
e 7 421 0
e 12 421 0
e 70 7 0
e 277 12 0
e 422 257 0
e 7 422 0
e 423 5 0
e 257 17 0
e 258 75 0
e 134 257 0
e 227 29 0
e 289 29 0
e 282 5 0
e 293 29 0
e 424 54 0
e 425 5 0
e 426 293 0
e 5 426 0
e 282 92 0
e 74 5 0
e 247 277 0
e 277 257 0
e 277 277 0
e 277 5 0
e 54 427 0
e 29 427 0
e 5 428 0
e 70 428 0
e 335 428 0
e 282 258 0
e 258 277 0
e 429 430 0
e 5 429 0
e 47 431 0
e 7 432 0
e 29 47 0
e 293 47 0
e 433 434 0
e 257 433 0
e 433 7 0
e 245 5 0
e 435 5 0
e 427 435 0
e 5 427 0
e 277 427 0
e 33 96 0
e 277 134 0
e 75 134 0
e 436 5 0
e 7 435 0
e 258 437 0
e 438 258 0
e 258 47 0
e 439 54 0
e 7 260 0
e 432 260 0
e 260 260 0
e 74 257 0
e 282 70 0
e 438 33 0
e 440 258 0
e 390 29 0
e 427 258 0
e 257 54 0
e 441 5 0
e 178 258 0
e 137 33 0
e 420 29 0
e 442 5 0
e 306 5 0
e 335 29 0
e 293 282 0
e 428 282 0
e 29 282 0
e 428 54 0
