t # 0
v 0 0
v 1 1
v 2 1
v 3 1
v 4 1
v 5 1
v 6 1
v 7 1
v 8 1
v 9 1
v 10 1
v 11 1
v 12 1
v 13 1
v 14 1
v 15 1
v 16 1
v 17 1
v 18 1
v 19 1
v 20 1
v 21 1
v 22 1
v 23 1
v 24 1
v 25 1
v 26 1
v 27 1
v 28 1
e 0 1 0
e 2 0 0
e 2 3 0
e 4 0 0
e 2 4 0
e 3 0 0
e 5 2 0
e 3 4 0
e 6 2 0
e 2 2 0
e 2 7 0
e 8 2 0
e 9 3 0
e 10 2 0
e 11 2 0
e 2 12 0
e 13 2 0
e 2 9 0
e 0 9 0
e 14 0 0
e 3 14 0
e 15 2 0
e 0 16 0
e 2 16 0
e 17 2 0
e 18 7 0
e 19 18 0
e 7 19 0
e 19 2 0
e 20 9 0
e 16 9 0
e 3 16 0
e 2 21 0
e 18 21 0
e 2 18 0
e 2 22 0
e 18 22 0
e 23 2 0
e 23 22 0
e 24 18 0
e 25 24 0
e 23 25 0
e 26 23 0
e 22 26 0
e 9 22 0
e 23 9 0
e 27 2 0
e 10 9 0
e 28 2 0
t # 1
v 0 1
v 1 1
v 2 1
v 3 1
v 4 1
v 5 1
v 6 1
v 7 1
v 8 1
v 9 1
v 10 1
v 11 1
v 12 1
v 13 1
v 14 1
v 15 1
v 16 1
v 17 1
v 18 1
v 19 1
v 20 1
v 21 1
v 22 1
v 23 1
v 24 1
v 25 1
v 26 1
v 27 1
v 28 1
v 29 1
v 30 1
v 31 1
v 32 1
v 33 1
v 34 1
v 35 1
v 36 1
v 37 1
v 38 1
v 39 1
v 40 1
v 41 1
v 42 1
v 43 1
v 44 1
v 45 1
v 46 1
v 47 1
v 48 1
v 49 1
v 50 1
v 51 1
v 52 1
v 53 1
v 54 1
v 55 1
v 56 1
v 57 1
v 58 1
v 59 1
v 60 1
v 61 1
v 62 1
v 63 1
v 64 1
v 65 1
v 66 1
v 67 1
v 68 1
v 69 1
v 70 1
v 71 1
v 72 1
v 73 1
v 74 1
v 75 1
v 76 1
v 77 1
v 78 1
v 79 1
v 80 1
v 81 1
v 82 1
v 83 1
v 84 1
v 85 1
v 86 1
v 87 1
v 88 1
v 89 1
v 90 1
v 91 1
v 92 1
v 93 1
v 94 1
v 95 1
v 96 1
v 97 1
v 98 1
v 99 1
v 100 1
v 101 1
v 102 1
v 103 1
v 104 1
v 105 1
v 106 1
v 107 1
v 108 1
e 0 1 0
e 0 2 0
e 3 2 0
e 3 3 0
e 0 3 0
e 4 3 0
e 3 5 0
e 6 5 0
e 4 6 0
e 0 6 0
e 7 2 0
e 4 2 0
e 8 3 0
e 9 3 0
e 10 4 0
e 5 10 0
e 2 5 0
e 3 11 0
e 0 5 0
e 3 6 0
e 3 12 0
e 0 13 0
e 3 13 0
e 6 2 0
e 13 6 0
e 14 6 0
e 5 14 0
e 15 2 0
e 6 15 0
e 0 4 0
e 3 14 0
e 11 2 0
e 13 11 0
e 16 13 0
e 3 16 0
e 15 16 0
e 3 15 0
e 4 14 0
e 4 5 0
e 11 4 0
e 13 4 0
e 15 4 0
e 17 3 0
e 18 3 0
e 19 3 0
e 17 6 0
e 20 3 0
e 11 5 0
e 17 5 0
e 21 3 0
e 15 5 0
e 16 11 0
e 6 16 0
e 19 5 0
e 22 19 0
e 6 19 0
e 22 6 0
e 3 22 0
e 2 22 0
e 22 15 0
e 5 16 0
e 23 3 0
e 11 15 0
e 24 11 0
e 25 6 0
e 19 24 0
e 5 26 0
e 3 26 0
e 24 3 0
e 24 26 0
e 27 3 0
e 3 28 0
e 20 5 0
e 24 5 0
e 27 11 0
e 29 30 0
e 31 30 0
e 32 33 0
e 34 33 0
e 35 3 0
e 36 3 0
e 37 3 0
e 24 12 0
e 38 12 0
e 39 34 0
e 40 4 0
e 41 42 0
e 34 42 0
e 43 44 0
e 45 3 0
e 3 46 0
e 32 12 0
e 16 12 0
e 24 16 0
e 45 24 0
e 16 45 0
e 47 16 0
e 12 47 0
e 48 16 0
e 49 16 0
e 50 11 0
e 51 50 0
e 15 51 0
e 21 15 0
e 52 21 0
e 53 52 0
e 48 53 0
e 54 48 0
e 3 54 0
e 55 11 0
e 5 55 0
e 52 5 0
e 36 4 0
e 12 36 0
e 51 12 0
e 3 51 0
e 53 3 0
e 49 53 0
e 5 53 0
e 12 5 0
e 53 12 0
e 56 16 0
e 4 24 0
e 56 3 0
e 24 56 0
e 56 4 0
e 16 4 0
e 11 12 0
e 21 5 0
e 24 21 0
e 51 24 0
e 24 28 0
e 57 28 0
e 3 57 0
e 4 28 0
e 16 51 0
e 25 3 0
e 40 3 0
e 40 15 0
e 40 12 0
e 58 3 0
e 46 58 0
e 59 5 0
e 29 31 0
e 60 31 0
e 61 60 0
e 62 30 0
e 60 30 0
e 63 42 0
e 29 42 0
e 31 34 0
e 32 3 0
e 24 46 0
e 64 31 0
e 30 34 0
e 42 30 0
e 31 42 0
e 32 31 0
e 32 34 0
e 65 34 0
e 32 66 0
e 61 66 0
e 67 34 0
e 32 67 0
e 32 42 0
e 68 42 0
e 68 69 0
e 68 68 0
e 69 69 0
e 69 3 0
e 59 31 0
e 32 5 0
e 68 3 0
e 68 4 0
e 70 71 0
e 70 68 0
e 72 68 0
e 72 3 0
e 72 72 0
e 72 69 0
e 73 69 0
e 68 73 0
e 68 5 0
e 74 5 0
e 75 3 0
e 74 75 0
e 3 74 0
e 75 5 0
e 16 68 0
e 76 72 0
e 69 76 0
e 69 5 0
e 36 5 0
e 24 36 0
e 76 76 0
e 68 76 0
e 76 5 0
e 77 5 0
e 73 73 0
e 5 5 0
e 15 24 0
e 11 54 0
e 78 11 0
e 16 78 0
e 79 68 0
e 80 3 0
e 73 5 0
e 81 5 0
e 82 16 0
e 54 16 0
e 5 54 0
e 73 4 0
e 46 16 0
e 73 3 0
e 28 5 0
e 53 28 0
e 82 3 0
e 83 5 0
e 16 83 0
e 73 24 0
e 76 15 0
e 83 15 0
e 84 3 0
e 76 3 0
e 81 3 0
e 85 81 0
e 54 81 0
e 81 24 0
e 73 83 0
e 69 28 0
e 83 28 0
e 84 5 0
e 11 84 0
e 46 84 0
e 81 46 0
e 86 3 0
e 86 5 0
e 24 54 0
e 87 54 0
e 86 15 0
e 68 15 0
e 88 3 0
e 89 90 0
e 89 3 0
e 83 3 0
e 89 83 0
e 48 89 0
e 91 15 0
e 91 16 0
e 91 3 0
e 92 3 0
e 54 92 0
e 87 89 0
e 93 89 0
e 90 3 0
e 90 24 0
e 94 90 0
e 24 94 0
e 94 15 0
e 15 90 0
e 94 3 0
e 24 83 0
e 95 15 0
e 24 95 0
e 3 95 0
e 51 11 0
e 96 5 0
e 68 24 0
e 80 12 0
e 97 3 0
e 24 97 0
e 96 98 0
e 3 98 0
e 98 24 0
e 97 99 0
e 100 5 0
e 96 3 0
e 3 99 0
e 96 24 0
e 96 11 0
e 101 5 0
e 11 99 0
e 24 24 0
e 102 24 0
e 27 12 0
e 96 51 0
e 73 15 0
e 103 15 0
e 3 103 0
e 96 21 0
e 12 21 0
e 104 12 0
e 24 104 0
e 21 51 0
e 51 5 0
e 105 51 0
e 38 5 0
e 51 51 0
e 105 15 0
e 76 24 0
e 102 3 0
e 5 102 0
e 106 3 0
e 96 12 0
e 107 24 0
e 108 3 0
t # 2
v 0 1
v 1 1
v 2 1
v 3 1
v 4 1
v 5 1
v 6 1
v 7 1
v 8 1
v 9 1
v 10 1
v 11 1
v 12 1
v 13 1
v 14 1
v 15 1
v 16 1
v 17 1
v 18 1
v 19 1
v 20 1
v 21 1
v 22 1
v 23 1
v 24 1
v 25 1
v 26 1
v 27 1
v 28 1
v 29 1
v 30 1
v 31 1
v 32 1
v 33 1
v 34 1
v 35 1
v 36 1
v 37 1
v 38 1
v 39 1
v 40 1
v 41 1
v 42 1
v 43 1
v 44 1
v 45 1
v 46 1
v 47 1
v 48 1
v 49 1
v 50 1
v 51 1
v 52 1
v 53 1
v 54 1
v 55 1
v 56 1
v 57 1
v 58 1
v 59 1
v 60 1
v 61 1
v 62 1
v 63 1
v 64 1
v 65 1
v 66 1
v 67 1
e 0 1 0
e 1 1 0
e 2 1 0
e 3 4 0
e 5 4 0
e 6 5 0
e 7 1 0
e 1 8 0
e 5 8 0
e 6 8 0
e 9 10 0
e 11 10 0
e 0 10 0
e 10 1 0
e 2 10 0
e 1 12 0
e 9 12 0
e 12 12 0
e 13 1 0
e 1 14 0
e 15 14 0
e 1 15 0
e 16 1 0
e 17 1 0
e 0 18 0
e 8 18 0
e 5 2 0
e 19 5 0
e 1 5 0
e 20 1 0
e 9 1 0
e 21 22 0
e 23 24 0
e 25 24 0
e 26 25 0
e 27 26 0
e 5 27 0
e 28 1 0
e 29 1 0
e 5 29 0
e 5 30 0
e 27 30 0
e 25 27 0
e 6 25 0
e 24 6 0
e 31 6 0
e 5 31 0
e 32 5 0
e 6 1 0
e 5 33 0
e 18 5 0
e 34 1 0
e 0 5 0
e 0 35 0
e 24 35 0
e 1 18 0
e 36 37 0
e 1 36 0
e 38 1 0
e 21 1 0
e 5 5 0
e 39 1 0
e 9 39 0
e 40 1 0
e 41 17 0
e 1 41 0
e 5 35 0
e 8 35 0
e 27 8 0
e 42 27 0
e 6 42 0
e 26 1 0
e 43 1 0
e 44 1 0
e 1 24 0
e 0 21 0
e 0 26 0
e 5 26 0
e 35 4 0
e 26 6 0
e 5 45 0
e 0 6 0
e 4 6 0
e 46 4 0
e 5 46 0
e 0 4 0
e 42 5 0
e 24 42 0
e 47 6 0
e 17 47 0
e 0 24 0
e 48 1 0
e 9 17 0
e 1 45 0
e 18 45 0
e 24 18 0
e 27 24 0
e 5 24 0
e 45 24 0
e 45 26 0
e 49 1 0
e 50 45 0
e 40 5 0
e 35 45 0
e 51 1 0
e 25 35 0
e 45 25 0
e 52 24 0
e 53 52 0
e 54 53 0
e 5 54 0
e 53 5 0
e 17 17 0
e 5 55 0
e 1 55 0
e 45 6 0
e 42 35 0
e 5 17 0
e 2 17 0
e 5 52 0
e 56 1 0
e 56 17 0
e 56 56 0
e 17 6 0
e 57 6 0
e 0 17 0
e 17 39 0
e 18 25 0
e 58 18 0
e 5 58 0
e 59 17 0
e 0 2 0
e 17 24 0
e 60 1 0
e 17 60 0
e 17 61 0
e 62 24 0
e 5 62 0
e 35 62 0
e 26 35 0
e 0 39 0
e 39 39 0
e 60 2 0
e 0 27 0
e 63 27 0
e 63 1 0
e 0 64 0
e 2 64 0
e 29 17 0
e 65 1 0
e 1 61 0
e 27 61 0
e 0 29 0
e 60 29 0
e 29 29 0
e 29 2 0
e 27 35 0
e 0 66 0
e 67 66 0
t # 3
v 0 1
v 1 1
v 2 1
v 3 1
v 4 1
v 5 1
v 6 1
v 7 1
v 8 1
v 9 1
v 10 1
v 11 1
v 12 1
v 13 1
v 14 1
v 15 1
v 16 1
v 17 1
v 18 1
v 19 1
v 20 1
v 21 1
v 22 1
v 23 1
v 24 1
v 25 1
v 26 1
v 27 1
v 28 1
v 29 1
v 30 1
v 31 1
v 32 1
v 33 1
e 0 1 0
e 2 1 0
e 3 2 0
e 4 2 0
e 5 6 0
e 2 6 0
e 7 2 0
e 6 7 0
e 6 1 0
e 2 2 0
e 8 4 0
e 2 8 0
e 9 8 0
e 10 8 0
e 11 8 0
e 12 13 0
e 14 13 0
e 1 14 0
e 15 0 0
e 8 15 0
e 0 7 0
e 16 17 0
e 12 1 0
e 17 1 0
e 12 17 0
e 12 7 0
e 18 7 0
e 17 7 0
e 18 12 0
e 19 17 0
e 12 19 0
e 1 19 0
e 20 8 0
e 8 8 0
e 21 8 0
e 22 8 0
e 17 22 0
e 8 12 0
e 10 12 0
e 23 8 0
e 24 8 0
e 8 17 0
e 25 17 0
e 25 19 0
e 26 17 0
e 17 17 0
e 27 17 0
e 28 17 0
e 20 19 0
e 29 17 0
e 10 29 0
e 17 10 0
e 8 29 0
e 19 29 0
e 18 17 0
e 30 19 0
e 31 19 0
e 10 31 0
e 17 30 0
e 7 19 0
e 30 18 0
e 20 17 0
e 32 19 0
e 28 19 0
e 29 29 0
e 18 29 0
e 17 33 0
e 33 29 0
e 19 33 0
e 11 17 0
e 19 11 0
e 6 33 0
e 29 6 0
e 18 19 0
t # 4
v 0 1
v 1 1
v 2 1
v 3 1
v 4 1
v 5 1
v 6 1
v 7 1
v 8 1
v 9 1
v 10 1
v 11 1
v 12 1
v 13 1
v 14 1
v 15 1
v 16 1
v 17 1
v 18 1
v 19 1
v 20 1
v 21 1
v 22 1
v 23 1
v 24 1
v 25 1
v 26 1
v 27 1
v 28 1
v 29 1
v 30 1
v 31 1
v 32 1
v 33 1
v 34 1
v 35 1
v 36 1
v 37 1
v 38 1
v 39 1
v 40 1
v 41 1
v 42 1
v 43 1
v 44 1
v 45 1
v 46 1
v 47 1
v 48 1
v 49 1
v 50 1
v 51 1
v 52 1
v 53 1
v 54 1
v 55 1
v 56 1
v 57 1
v 58 1
v 59 1
v 60 1
v 61 1
v 62 1
v 63 1
v 64 1
v 65 1
v 66 1
v 67 1
v 68 1
v 69 1
v 70 1
v 71 1
v 72 1
v 73 1
v 74 1
v 75 1
v 76 1
v 77 1
v 78 1
v 79 1
v 80 1
v 81 1
v 82 1
v 83 1
v 84 1
v 85 1
v 86 1
v 87 1
v 88 1
v 89 1
v 90 1
v 91 1
v 92 1
v 93 1
v 94 1
v 95 1
v 96 1
v 97 1
v 98 1
v 99 1
v 100 1
v 101 1
v 102 1
v 103 1
v 104 1
v 105 1
v 106 1
v 107 1
v 108 1
v 109 1
v 110 1
v 111 1
v 112 1
v 113 1
v 114 1
v 115 1
v 116 1
v 117 1
v 118 1
v 119 1
v 120 1
v 121 1
v 122 1
v 123 1
v 124 1
v 125 1
v 126 1
v 127 1
v 128 1
v 129 1
v 130 1
v 131 1
v 132 1
v 133 1
v 134 1
v 135 1
v 136 1
v 137 1
v 138 1
v 139 1
v 140 1
v 141 1
v 142 1
v 143 1
v 144 1
v 145 1
v 146 1
v 147 1
v 148 1
v 149 1
v 150 1
v 151 1
v 152 1
v 153 1
v 154 1
v 155 1
v 156 1
v 157 1
v 158 1
v 159 1
v 160 1
v 161 1
v 162 1
v 163 1
v 164 1
v 165 1
v 166 1
v 167 1
v 168 1
v 169 1
v 170 1
v 171 1
v 172 1
v 173 1
e 0 1 0
e 2 0 0
e 3 2 0
e 4 3 0
e 5 3 0
e 6 5 0
e 7 6 0
e 3 7 0
e 3 3 0
e 8 3 0
e 9 3 0
e 0 9 0
e 8 10 0
e 11 9 0
e 12 9 0
e 13 12 0
e 3 13 0
e 14 15 0
e 3 14 0
e 16 3 0
e 14 16 0
e 17 3 0
e 12 12 0
e 3 12 0
e 18 5 0
e 10 5 0
e 19 10 0
e 3 19 0
e 20 3 0
e 20 7 0
e 21 3 0
e 3 10 0
e 22 3 0
e 22 5 0
e 3 6 0
e 23 6 0
e 6 16 0
e 23 5 0
e 3 23 0
e 24 3 0
e 25 26 0
e 3 26 0
e 25 3 0
e 27 3 0
e 28 3 0
e 29 6 0
e 3 29 0
e 3 30 0
e 31 3 0
e 32 33 0
e 34 26 0
e 3 34 0
e 9 34 0
e 7 34 0
e 35 9 0
e 36 3 0
e 37 3 0
e 38 3 0
e 10 6 0
e 39 3 0
e 39 9 0
e 40 3 0
e 41 10 0
e 41 3 0
e 42 6 0
e 3 42 0
e 43 3 0
e 44 3 0
e 45 3 0
e 46 47 0
e 10 46 0
e 10 9 0
e 48 9 0
e 3 49 0
e 10 49 0
e 23 10 0
e 50 6 0
e 51 3 0
e 52 3 0
e 50 3 0
e 25 10 0
e 53 23 0
e 3 53 0
e 54 3 0
e 55 3 0
e 26 23 0
e 56 3 0
e 57 3 0
e 58 3 0
e 59 3 0
e 60 3 0
e 61 3 0
e 62 63 0
e 64 62 0
e 65 26 0
e 3 65 0
e 66 64 0
e 10 66 0
e 67 3 0
e 51 23 0
e 68 3 0
e 65 68 0
e 68 68 0
e 69 70 0
e 3 70 0
e 26 70 0
e 71 72 0
e 9 71 0
e 3 71 0
e 71 73 0
e 9 73 0
e 74 9 0
e 10 51 0
e 51 6 0
e 75 3 0
e 75 16 0
e 56 10 0
e 10 10 0
e 76 10 0
e 10 16 0
e 10 43 0
e 77 78 0
e 79 78 0
e 80 3 0
e 81 3 0
e 82 78 0
e 83 78 0
e 3 83 0
e 84 78 0
e 84 16 0
e 16 23 0
e 85 16 0
e 26 85 0
e 86 87 0
e 88 3 0
e 89 3 0
e 16 89 0
e 82 83 0
e 90 3 0
e 91 3 0
e 92 3 0
e 93 3 0
e 94 3 0
e 26 26 0
e 26 16 0
e 95 3 0
e 96 3 0
e 85 3 0
e 97 3 0
e 98 3 0
e 98 51 0
e 99 65 0
e 100 65 0
e 100 3 0
e 65 16 0
e 9 9 0
e 51 26 0
e 101 9 0
e 51 51 0
e 102 16 0
e 103 16 0
e 3 103 0
e 104 3 0
e 3 105 0
e 106 105 0
e 3 106 0
e 107 3 0
e 16 107 0
e 65 107 0
e 108 3 0
e 109 3 0
e 110 3 0
e 111 3 0
e 112 3 0
e 113 23 0
e 16 113 0
e 113 3 0
e 3 114 0
e 23 114 0
e 115 3 0
e 16 115 0
e 116 3 0
e 117 118 0
e 119 3 0
e 111 51 0
e 117 3 0
e 16 16 0
e 16 97 0
e 120 65 0
e 121 3 0
e 122 3 0
e 5 122 0
e 122 121 0
e 123 65 0
e 117 123 0
e 123 3 0
e 124 3 0
e 125 3 0
e 124 5 0
e 124 126 0
e 127 3 0
e 51 16 0
e 128 16 0
e 129 3 0
e 130 23 0
e 131 3 0
e 129 51 0
e 132 3 0
e 133 3 0
e 134 16 0
e 134 3 0
e 135 3 0
e 125 5 0
e 3 136 0
e 6 136 0
e 137 3 0
e 103 106 0
e 135 135 0
e 138 3 0
e 139 3 0
e 115 139 0
e 3 126 0
e 52 126 0
e 103 52 0
e 140 103 0
e 3 140 0
e 6 141 0
e 3 141 0
e 136 103 0
e 141 16 0
e 115 6 0
e 52 142 0
e 3 142 0
e 143 3 0
e 144 3 0
e 144 29 0
e 16 70 0
e 145 3 0
e 146 3 0
e 147 3 0
e 148 136 0
e 3 148 0
e 149 51 0
e 150 51 0
e 3 150 0
e 123 126 0
e 151 3 0
e 152 3 0
e 153 3 0
e 5 153 0
e 154 3 0
e 51 154 0
e 155 3 0
e 156 3 0
e 156 16 0
e 157 16 0
e 157 3 0
e 158 3 0
e 158 51 0
e 158 5 0
e 159 5 0
e 3 159 0
e 160 3 0
e 159 160 0
e 51 161 0
e 3 161 0
e 162 3 0
e 103 21 0
e 163 3 0
e 164 163 0
e 103 164 0
e 165 3 0
e 166 167 0
e 3 166 0
e 103 6 0
e 52 51 0
e 168 3 0
e 169 6 0
e 3 170 0
e 153 153 0
e 16 153 0
e 171 3 0
e 172 3 0
e 173 3 0
e 173 3 0
